#type       avg     std     min      p5     p10     p50     p67     p75     p80     p85     p90     p95     p99    p999   p9999      QPS   target       ts_start         ts_end
read      327.6   223.3    63.8   112.4   133.3   308.4   377.1   419.3   448.8   482.9   526.3   588.6   789.1  1465.6  8121.2  29901.9    30000  1622143053959  1622143074085
read      339.4   496.6    63.8   100.1   114.9   266.9   350.6   404.3   446.5   500.3   579.2   750.8  1251.1  7170.7 19736.1  30008.9    30010  1622143075588  1622143095710
read      369.6   641.8    63.8    98.8   112.6   252.1   341.4   398.8   446.6   513.4   630.4   848.2  3079.3  8519.7 19498.8  29961.5    30020  1622143097213  1622143117310
read      344.2   515.9    63.8    98.5   112.3   254.5   342.6   398.6   444.5   503.8   602.1   810.0  1449.8  6624.2 19713.5  29988.4    30030  1622143118813  1622143138917
read      348.1   495.7    63.8    97.9   111.6   254.2   343.2   399.9   446.6   507.4   614.8   828.2  1595.2  6373.4 18948.0  30042.0    30040  1622143140420  1622143160516
read      362.5   552.4    63.8    98.5   112.5   256.2   344.1   400.9   447.6   508.9   622.5   855.4  2993.4  6152.8 20317.4  29997.5    30050  1622143162019  1622143182124
read      349.1   450.6    63.8    98.0   112.0   255.5   339.8   395.6   440.9   502.3   607.4   822.8  2844.9  5404.0 11785.1  30044.9    30060  1622143183627  1622143203726
read      351.7   513.1    63.8    98.0   111.8   254.5   339.5   396.8   443.7   507.1   629.5   855.5  1733.6  6545.8 18702.3  30132.7    30070  1622143205230  1622143225325
read      374.1   530.2    63.8    98.1   112.3   273.0   361.1   419.4   467.5   532.9   639.3   852.2  2932.1  5813.5 16060.4  30069.5    30080  1622143226828  1622143246932
read      384.0   576.1    63.8    99.9   114.8   269.9   358.5   416.3   466.5   539.6   668.6   882.5  2939.1  6922.4 16002.3  30057.9    30090  1622143248436  1622143268529
read      372.6   512.1    63.8    99.7   114.5   263.8   350.9   407.5   455.1   521.7   651.3   894.1  2885.3  5662.4 13944.3  30084.1    30100  1622143270031  1622143290131
read      373.3   538.4    63.8   100.4   115.0   261.6   350.9   408.8   457.1   524.6   653.1   889.3  2865.9  6359.7 16060.5  30088.2    30110  1622143291633  1622143311736
read      363.7   587.5    63.8    99.0   113.1   258.7   345.5   404.4   453.7   516.7   628.4   856.3  2773.6  6316.2 25000.6  30195.4    30120  1622143313238  1622143333339
read      350.1   577.7    63.8   100.0   114.8   262.2   350.0   404.4   448.0   504.1   594.2   803.4  1523.2  6410.3 22704.7  30106.8    30130  1622143334844  1622143354947
read      348.6   476.5    63.8    98.6   112.6   257.6   346.0   403.6   450.7   511.9   613.0   801.3  2161.2  6274.4 16185.5  30132.5    30140  1622143356451  1622143376552
read      361.4   541.7    63.8    98.5   112.5   253.5   340.9   399.1   448.5   515.9   642.1   864.3  2672.7  6552.6 17160.3  30158.1    30150  1622143378054  1622143398157
read      355.3   503.0    63.8    98.3   112.0   252.8   339.4   398.5   448.8   518.1   646.3   856.6  2593.8  6067.9 15118.7  30143.5    30160  1622143399660  1622143419758
read      368.8   640.4    63.8    98.6   112.6   254.9   340.2   397.8   444.8   509.4   629.4   854.9  2672.1  8980.2 24040.6  30173.9    30170  1622143421264  1622143441363
read      351.3   492.1    63.8    99.4   114.1   262.6   349.6   404.4   447.8   501.9   589.3   798.3  2270.9  6660.9 15695.2  30202.2    30180  1622143442865  1622143462962
read      351.0   485.0    63.8    98.7   112.9   256.8   344.8   403.2   450.8   513.9   629.0   838.6  1751.9  6495.8 16237.1  30219.6    30190  1622143464475  1622143484566
read      331.1   399.6    63.8    99.8   115.0   267.3   345.1   393.8   431.7   479.0   547.5   728.5  1249.9  5490.8 14224.6  30160.3    30200  1622143486074  1622143506169
read      331.0   287.2    63.8   109.4   129.9   304.0   373.9   414.6   444.4   479.8   526.5   595.1   879.8  3381.9  9671.2  30213.2    30210  1622143507674  1622143527775
read      433.0   638.0    63.8   102.0   118.5   295.9   392.6   464.8   535.0   667.0   881.1  1120.2  2535.4  8153.6 20861.7  30218.9    30220  1622143529278  1622143549380
read      425.4   630.0    63.8   102.0   118.5   289.3   382.0   450.8   515.0   637.6   855.6  1103.3  2506.7  8246.5 18185.1  30238.0    30230  1622143550883  1622143570981
read      401.4   574.0    63.8   102.0   118.2   280.5   373.0   438.5   495.8   586.0   767.5  1033.7  2410.1  7019.1 16090.1  30264.3    30240  1622143572483  1622143592580
read      412.4   636.5    63.8   100.9   116.9   279.5   372.5   443.5   505.1   615.7   822.4  1062.2  2423.9  8335.9 19589.1  30319.4    30250  1622143594081  1622143614184
read      409.2   549.7    63.8   101.1   117.1   280.7   371.0   440.9   506.7   635.0   858.2  1096.4  2425.6  6927.9 15402.6  30317.8    30260  1622143615687  1622143635789
read      409.9   573.5    63.8    99.6   115.0   274.3   366.2   434.8   500.2   622.9   831.7  1089.5  2653.8  6898.1 14078.0  30211.3    30270  1622143637292  1622143657387
read      410.0   631.7    63.8   100.1   115.5   273.9   364.9   435.0   498.8   618.0   835.4  1073.2  2714.2  8474.9 19418.6  30270.9    30280  1622143658891  1622143678996
read      406.5   635.0    63.8    99.1   113.8   269.2   362.8   433.7   501.4   623.0   828.1  1069.9  2750.9  8152.8 19573.8  30323.5    30290  1622143680498  1622143700598
read      442.7   739.3    63.8   101.3   117.0   282.7   381.0   456.5   528.4   667.1   888.7  1143.4  3038.4  9414.3 20807.3  30340.2    30300  1622143702100  1622143722200
read      422.0   559.6    63.8   101.5   117.6   289.8   383.8   457.3   529.9   679.9   886.4  1116.6  2859.9  7214.5 15123.9  30218.8    30310  1622143723702  1622143743801
read      403.1   599.9    63.8   100.1   115.6   272.2   361.7   428.7   487.5   590.4   810.3  1058.8  3046.5  7394.5 18083.4  30272.1    30320  1622143745303  1622143765401
read      396.3   623.7    63.8    98.0   112.4   263.8   351.0   420.0   484.4   587.3   784.1  1040.1  3076.6  8143.2 20406.7  30261.8    30330  1622143766903  1622143786998
read      409.3   635.4    63.8   100.3   115.4   268.0   358.4   427.5   493.8   622.0   831.3  1067.1  3267.4  7652.5 19211.6  30302.7    30340  1622143788503  1622143808600
read      395.3   541.7    63.8    99.4   114.2   269.0   359.5   427.8   490.8   596.3   798.9  1041.5  2886.8  6502.8 12739.1  30340.4    30350  1622143810102  1622143830207
read      415.4   584.7    63.8   101.5   117.2   280.3   372.2   443.7   511.8   639.5   856.4  1088.2  3247.3  7274.2 15718.7  30338.1    30360  1622143831709  1622143851810
read      421.5   628.0    63.8    99.8   115.5   279.0   369.8   440.5   508.5   646.7   857.7  1102.3  3502.0  7915.9 15583.8  30340.9    30370  1622143853312  1622143873412
read      422.6   694.2    63.8   100.5   116.1   285.2   376.5   444.2   504.3   605.3   802.9  1073.3  3550.2  9115.0 20374.4  30398.9    30380  1622143874914  1622143895018
read      414.5   651.5    63.8    99.0   114.2   270.5   357.1   424.1   486.8   599.2   816.9  1076.5  3690.3  7714.2 19374.4  30403.3    30390  1622143896522  1622143916619
read      405.8   616.7    63.8    99.9   115.0   273.8   363.2   430.0   490.4   600.5   824.1  1070.5  2637.4  7872.2 18985.7  30420.1    30400  1622143918122  1622143938223
read      402.4   593.2    63.8   100.4   115.6   274.9   359.8   425.6   485.3   593.6   819.0  1063.7  2318.6  7938.9 14522.4  30390.1    30410  1622143939726  1622143959826
read      327.9   241.2    63.8   111.3   132.8   305.2   372.3   412.4   442.4   477.9   524.0   594.6   833.7  2251.7  8480.6  30438.9    30420  1622143961328  1622143981428
read      405.9   624.5    63.8   102.3   118.6   290.1   369.1   426.4   473.7   538.7   706.0  1026.6  3271.5  7862.4 16254.0  30431.4    30430  1622143982930  1622144003039
read      422.8   685.6    63.8   101.9   118.3   291.1   370.0   428.7   479.0   552.0   754.2  1062.9  3907.1  8329.1 18901.6  30432.3    30440  1622144004544  1622144024643
read      404.7   617.1    63.8   102.4   118.7   287.2   372.1   428.7   474.1   539.0   697.5  1007.8  3307.7  8075.7 16198.0  30459.2    30450  1622144026145  1622144046241
read      423.3   677.6    63.8   103.4   121.2   295.8   378.4   435.3   482.5   547.0   706.3  1054.0  3990.6  8213.3 19805.9  30405.8    30460  1622144047745  1622144067842
read      444.3   780.4    63.8   101.8   119.5   303.5   384.6   445.0   495.3   572.9   787.7  1093.5  4116.7  9329.9 24364.7  30466.5    30470  1622144069344  1622144089447
read      451.0   783.1    63.8   101.4   118.2   303.3   390.5   458.7   514.0   600.8   803.4  1098.1  4184.6  9952.8 24091.0  30457.4    30480  1622144090949  1622144111048
read      417.9   699.7    63.8   101.2   118.1   290.4   366.7   422.1   473.2   543.2   721.4  1035.8  4084.0  8725.6 19892.2  30432.2    30490  1622144112551  1622144132649
read      416.5   698.7    63.8   100.4   117.4   289.0   364.8   420.7   467.6   538.7   718.0  1042.4  4052.1  8782.5 19535.0  30485.8    30500  1622144134152  1622144154242
